5.613861670335697912e-03
3.359728424114407849e-03
3.351002403752126844e-03
3.420591566991650415e-03
3.069244162365686868e-01
2.167519441698119720e-01
1.095356763224018121e-02
2.293306981411706894e-04
7.206190758440894628e-03
5.692094686306253988e-03
5.059724490039274603e-03
3.322888427518719615e-03
1.071692102290526388e-01
2.474708548534007655e-03
1.280801049080927123e-01
9.924137209381671699e-04
9.970209954616299913e-03
4.436070299830768143e-03
9.075704768039387707e-03
1.627810938778712470e-03
4.137452153938302006e-03
7.033707355491132344e-03
3.407191956184495683e-03
1.136147125280668980e-03
6.891003331765410862e-03
6.928581890435854887e-03
1.470354971699380266e-02
2.614293899320405210e-03
2.649715598481226786e-03
3.177741799824086288e-03
1.703510268814148812e-02
3.295407616127862815e-02
1.794305957691706265e-03
5.512139982951986400e-03
1.944397896828389816e-03
1.009009273252323147e-02
1.402700534732286008e-02
9.601845071125152120e-03
2.840863149685958836e-03
4.432381737864475135e-04
7.240807656304405933e-03
1.798240855888732061e-03
6.194685259649142586e-03
1.123129974932358943e-02
2.401963076313101252e-03
6.975846338202989008e-03
8.355240885480277532e-03
9.327220494135552570e-04
4.085264623653982533e-03
4.551984058794333356e-03
2.570164591077436222e-01
6.511469171952631585e-02
8.267285605730607945e-02
1.349526959650583502e-01
3.454190319182925961e-02
1.224317228140326674e-01
2.071415060379175055e-01
4.844461767213955466e-02
4.429011058680695084e-02
3.564899025988900183e-01
1.806377509585789520e-01
1.766435869101871947e-02
5.253545087361677357e-01
4.979289738542837240e-02
2.572803048707716228e-02
5.483153520816204107e-01
3.386709615576458110e-01
9.754386222449593080e-02
1.882904000311048376e-01
1.806287261568096866e-02
3.988141298393185763e-02
2.213437934015136457e-02
1.297300278317246175e-02
6.236459259511749620e-01
8.576782070104146255e-03
1.232020775563841264e-01
1.050804554497495880e-01
6.175373865577053756e-02
2.239406877090318118e-03
7.517840649316809287e-02
7.251513966607803230e-02
1.704451177748174950e-01
1.760344917264652087e-01
3.968389307817144496e-01
7.525018072507130840e-02
3.483307101536454176e-01
8.544381477476137299e-01
1.683134889026303288e-02
5.677090796414687723e-01
1.829838789459320436e-01
6.536058323906222822e-02
2.349421440758591231e-02
3.176877493070766334e-02
1.333906923662851740e-01
6.893144315628818575e-03
3.169092904187162940e-01
1.709818462810383244e-01
4.871439737656120539e-02
1.061478520540183462e-01
5.426596883132910332e-01
