8.395905142974716129e-02
4.127474977521301547e-01
2.118094104673341194e-01
6.138587879727400165e-02
4.316272162237936305e-01
1.892561851114225036e-01
9.996471730240723552e-01
1.700224202255804784e-01
4.510928148645278885e-02
3.194437691117391620e-01
8.113774406330036548e-01
6.280052974260595666e-02
2.777037134013963793e-01
1.717340822096490582e-01
9.388549732017055227e-01
6.148189735276819723e-02
2.134253049356227561e-01
3.052310206876170939e-01
7.764684253678999504e-01
1.797198617137550081e-01
2.535053608241975565e-01
4.592825783972232651e-02
1.907898460458835044e-01
3.624216270178411414e-01
1.158860843587949385e-01
3.031924934817442074e-01
4.170681467279089283e-01
3.637059713913300130e-02
3.273328428318706546e-02
1.249457505513668770e-01
4.877989008985058467e-02
8.181546626849531267e-02
4.169695829543514781e-02
2.281170657126213308e-01
7.361964332959637369e-01
3.598742111530371934e-01
7.438386524299848979e-02
4.661250944277463004e-01
1.009596822932783827e-01
4.905078929350344119e-02
2.394332082116925053e-01
4.266533413962989574e-01
7.963051705538130853e-02
9.596472267563305181e-02
9.144104634860007463e-01
4.383916139646832494e-02
1.643796562573791864e-01
8.681197575541263478e-02
7.182850097328354055e-02
2.407152513274000150e-01
9.997969348034190240e-01
1.932322135273502328e-01
9.996727589199411179e-01
3.894795521582162245e-01
8.518373732035794399e-01
8.968113748351768111e-01
7.202721416664147336e-01
6.053466696800363644e-01
6.427848509681232114e-01
9.497304660696311851e-01
8.275765228085347758e-01
8.430963508280706620e-01
1.820338915583915029e-01
8.807313420515364699e-01
9.644594097448431214e-01
6.514059246483330234e-01
8.289144615330040766e-01
9.986069504539115682e-01
3.793487226336331730e-01
9.482520791761088752e-01
9.774244086087908734e-01
3.118115951158725863e-01
6.300748685445103359e-01
4.262022474237600611e-01
8.020873870090914348e-01
9.912836017863543292e-01
7.102157301022157254e-01
4.702087207735727858e-01
9.820117305316350409e-01
2.498708403708997661e-01
1.602604830787030255e-01
9.998601128207007527e-01
9.681688044701796114e-01
9.343402462452633506e-01
5.085322634488869120e-01
8.780018335991386369e-01
8.046773702591090149e-01
6.498029884750162744e-01
7.525089868963649176e-01
9.999454554726475708e-01
2.342785725890938198e-01
7.147137626914241704e-01
6.953308880670062697e-01
8.041847088777882568e-01
8.354013748970969822e-01
5.220584791666273983e-01
5.029738557802121424e-01
7.232956640350034494e-01
9.979439320224315901e-01
4.142511836172962369e-01
